-0.498536 -0.648097 -0.448682
0.0498536
20 23 18 1652
1 16 3 1619
1 16 4 1620
1 17 3 1621
1 17 4 1622
2 15 4 1608
2 15 5 1526
2 15 6 1468
2 15 7 1469
2 16 1 1650
2 16 2 1634
2 16 3 1623
2 16 4 1573
2 16 5 1426
2 16 6 1427
2 16 7 1441
2 16 8 1442
2 17 1 1127
2 17 2 1128
2 17 3 1132
2 17 4 1410
2 17 5 1419
2 17 6 1420
2 17 7 1424
2 17 8 1443
2 18 1 1129
2 18 2 933
2 18 3 934
2 18 4 1411
2 18 5 1421
2 18 6 1422
2 18 7 1425
2 18 8 1467
2 19 2 935
2 19 3 936
2 19 4 1607
2 19 5 1508
2 19 6 1509
2 20 3 1611
2 20 4 1612
3 1 8 1191
3 1 9 8
3 1 10 9
3 1 11 309
3 2 8 0
3 2 9 1
3 2 10 10
3 2 11 282
3 3 8 2
3 3 9 3
3 3 10 283
3 3 11 284
3 15 4 1595
3 15 5 1513
3 15 6 1470
3 15 7 1359
3 15 8 1360
3 16 1 1651
3 16 2 1635
3 16 3 1626
3 16 4 1568
3 16 5 1393
3 16 6 1394
3 16 7 1361
3 16 8 1229
3 16 9 1230
3 17 1 1130
3 17 2 925
3 17 3 926
3 17 4 1412
3 17 5 1395
3 17 6 1344
3 17 7 1345
3 17 8 1231
3 17 9 1232
3 18 1 1131
3 18 2 927
3 18 3 928
3 18 4 1413
3 18 5 1423
3 18 6 1346
3 18 7 1347
3 18 8 1350
3 19 1 1487
3 19 2 937
3 19 3 938
3 19 4 1597
3 19 5 1510
3 19 6 1351
3 19 7 1352
3 20 3 1613
3 20 4 1614
3 20 5 1631
4 1 7 1223
4 1 8 1083
4 1 9 11
4 1 10 12
4 1 11 304
4 1 12 968
4 2 7 1224
4 2 8 4
4 2 9 5
4 2 10 13
4 2 11 285
4 2 12 969
4 3 8 6
4 3 9 7
4 3 10 14
4 3 11 286
4 3 12 1103
4 4 9 717
4 4 10 718
4 4 11 735
4 4 12 1082
4 5 9 719
4 5 10 720
4 5 11 655
4 5 12 656
4 6 8 990
4 6 9 204
4 6 10 205
4 6 11 657
4 6 12 658
4 7 8 991
4 7 9 206
4 7 10 207
4 7 11 1044
4 8 9 219
4 8 10 220
4 9 9 445
4 9 10 446
4 15 4 1596
4 15 5 1391
4 15 6 1334
4 15 7 1335
4 15 8 1020
4 15 9 366
4 15 10 367
4 16 4 1569
4 16 5 1386
4 16 6 1336
4 16 7 1337
4 16 8 1021
4 16 9 368
4 16 10 369
4 17 1 1177
4 17 2 929
4 17 3 930
4 17 4 1570
4 17 5 1387
4 17 6 1348
4 17 7 1300
4 17 8 1147
4 17 9 1024
4 17 10 1025
4 18 1 1178
4 18 2 931
4 18 3 932
4 18 4 1574
4 18 5 1518
4 18 6 1349
4 18 7 1301
4 18 8 1148
4 18 9 1149
4 19 1 1488
4 19 2 1485
4 19 3 1486
4 19 4 1579
4 19 5 1519
4 19 6 1353
4 19 7 1354
4 20 3 1617
4 20 4 1618
4 20 5 1632
5 1 7 1225
5 1 8 1084
5 1 9 308
5 1 10 305
5 1 11 306
5 1 12 970
5 2 7 1226
5 2 8 1085
5 2 9 15
5 2 10 16
5 2 11 307
5 2 12 740
5 3 8 1097
5 3 9 17
5 3 10 18
5 3 11 734
5 3 12 741
5 4 9 594
5 4 10 595
5 4 11 616
5 4 12 602
5 4 13 603
5 5 9 596
5 5 10 597
5 5 11 610
5 5 12 604
5 5 13 605
5 6 8 992
5 6 9 208
5 6 10 209
5 6 11 611
5 6 12 612
5 7 8 993
5 7 9 210
5 7 10 211
5 7 11 212
5 7 12 737
5 8 8 625
5 8 9 221
5 8 10 213
5 8 11 214
5 9 8 626
5 9 9 437
5 9 10 438
5 9 11 702
5 9 12 841
5 10 8 1063
5 10 9 439
5 10 10 440
5 10 11 801
5 10 12 842
5 11 10 1108
5 11 11 1109
5 14 7 1438
5 14 8 1200
5 14 9 943
5 14 10 944
5 15 5 1392
5 15 6 1338
5 15 7 1326
5 15 8 1022
5 15 9 79
5 15 10 80
5 16 5 1388
5 16 6 1339
5 16 7 1327
5 16 8 1023
5 16 9 81
5 16 10 82
5 17 4 1575
5 17 5 1389
5 17 6 1390
5 17 7 1302
5 17 8 1150
5 17 9 403
5 17 10 404
5 18 4 1576
5 18 5 1478
5 18 6 1476
5 18 7 1303
5 18 8 1151
5 18 9 923
5 18 10 924
5 19 4 1580
5 19 5 1520
5 19 6 1494
5 19 7 1495
6 1 8 1163
6 1 9 915
6 1 10 916
6 1 11 917
6 1 12 1039
6 1 13 1135
6 2 8 1098
6 2 9 43
6 2 10 35
6 2 11 36
6 2 12 742
6 2 13 743
6 3 8 1099
6 3 9 44
6 3 10 37
6 3 11 38
6 3 12 692
6 3 13 744
6 4 9 598
6 4 10 45
6 4 11 46
6 4 12 606
6 4 13 607
6 5 9 599
6 5 10 600
6 5 11 613
6 5 12 608
6 5 13 609
6 6 8 1030
6 6 9 242
6 6 10 243
6 6 11 614
6 6 12 615
6 7 8 994
6 7 9 244
6 7 10 215
6 7 11 216
6 7 12 738
6 8 8 627
6 8 9 628
6 8 10 217
6 8 11 218
6 8 12 811
6 9 8 629
6 9 9 441
6 9 10 442
6 9 11 703
6 9 12 843
6 9 13 851
6 10 8 960
6 10 9 443
6 10 10 444
6 10 11 802
6 10 12 844
6 10 13 852
6 11 8 961
6 11 9 647
6 11 10 648
6 11 11 845
6 11 12 846
6 12 10 1106
6 12 11 1107
6 12 12 1428
6 14 7 1439
6 14 8 1201
6 14 9 945
6 14 10 946
6 14 11 955
6 14 12 1031
6 15 7 1328
6 15 8 1202
6 15 9 83
6 15 10 84
6 15 11 940
6 15 12 1032
6 16 6 1460
6 16 7 1329
6 16 8 1330
6 16 9 85
6 16 10 86
6 16 11 396
6 16 12 1033
6 16 13 1042
6 17 5 1479
6 17 6 1461
6 17 7 1396
6 17 8 1078
6 17 9 405
6 17 10 397
6 17 11 398
6 17 12 1040
6 17 13 1043
6 18 5 1480
6 18 6 1477
6 18 7 1459
6 18 8 1079
6 18 9 354
6 18 10 355
6 18 11 642
6 18 12 1124
6 19 9 356
6 19 10 357
6 19 11 1125
6 19 12 1126
7 1 9 920
7 1 10 918
7 1 11 919
7 1 12 1134
7 1 13 1136
7 2 9 921
7 2 10 39
7 2 11 40
7 2 12 745
7 2 13 746
7 3 10 41
7 3 11 42
7 3 12 693
7 3 13 747
7 4 9 601
7 4 10 47
7 4 11 48
7 4 12 694
7 5 9 247
7 5 10 248
7 5 11 252
7 5 12 695
7 6 8 1037
7 6 9 245
7 6 10 238
7 6 11 239
7 6 12 739
7 7 8 1038
7 7 9 246
7 7 10 141
7 7 11 142
7 7 12 812
7 8 8 784
7 8 9 127
7 8 10 128
7 8 11 143
7 8 12 813
7 9 8 785
7 9 9 129
7 9 10 130
7 9 11 815
7 9 12 816
7 9 13 853
7 10 8 962
7 10 9 649
7 10 10 650
7 10 11 847
7 10 12 848
7 10 13 854
7 11 8 963
7 11 9 378
7 11 10 379
7 11 11 849
7 11 12 850
7 11 13 1118
7 12 9 380
7 12 10 381
7 12 11 590
7 12 12 1116
7 12 13 1119
7 13 7 1440
7 13 8 1318
7 13 9 582
7 13 10 583
7 13 11 591
7 13 12 1176
7 13 13 1181
7 14 7 1364
7 14 8 1214
7 14 9 947
7 14 10 948
7 14 11 950
7 14 12 1005
7 14 13 1249
7 15 7 1331
7 15 8 1215
7 15 9 949
7 15 10 941
7 15 11 942
7 15 12 1006
7 15 13 570
7 15 14 571
7 16 7 1332
7 16 8 1333
7 16 9 529
7 16 10 399
7 16 11 400
7 16 12 1009
7 16 13 572
7 16 14 573
7 17 6 1380
7 17 7 1374
7 17 8 1080
7 17 9 530
7 17 10 401
7 17 11 402
7 17 12 1010
7 17 13 578
7 17 14 579
7 18 6 1381
7 18 7 1375
7 18 8 681
7 18 9 346
7 18 10 347
7 18 11 503
7 18 12 1041
7 18 13 1013
7 18 14 1014
7 19 5 1552
7 19 6 1553
7 19 8 682
7 19 9 348
7 19 10 349
7 19 11 501
7 19 12 1048
7 19 13 1087
7 20 4 1585
7 20 5 1538
7 20 6 1539
7 20 9 499
7 20 10 500
7 20 11 502
7 20 12 1049
7 20 13 1088
7 21 4 1586
7 21 5 1540
7 21 6 1541
7 22 4 1587
7 22 5 1566
7 22 6 1567
8 1 11 1252
8 1 12 1253
8 2 11 1254
8 2 12 1255
8 2 13 1465
8 3 11 752
8 3 12 753
8 3 13 1466
8 4 10 254
8 4 11 255
8 4 12 754
8 5 9 249
8 5 10 250
8 5 11 253
8 5 12 755
8 6 9 251
8 6 10 240
8 6 11 241
8 6 12 1195
8 7 9 859
8 7 10 144
8 7 11 145
8 7 12 814
8 8 8 786
8 8 9 131
8 8 10 132
8 8 11 135
8 8 12 386
8 9 8 787
8 9 9 133
8 9 10 134
8 9 11 136
8 9 12 387
8 9 13 1179
8 10 8 998
8 10 9 651
8 10 10 652
8 10 12 1120
8 10 13 1121
8 11 8 999
8 11 9 382
8 11 10 383
8 11 11 1117
8 11 12 1110
8 11 13 1111
8 12 8 1089
8 12 9 384
8 12 10 385
8 12 11 592
8 12 12 1112
8 12 13 1113
8 13 7 1308
8 13 8 1169
8 13 9 584
8 13 10 585
8 13 11 593
8 13 12 1094
8 13 13 362
8 13 14 363
8 14 6 1512
8 14 7 1309
8 14 8 1170
8 14 9 956
8 14 10 951
8 14 11 952
8 14 12 1007
8 14 13 364
8 14 14 365
8 15 6 1475
8 15 7 1365
8 15 8 1366
8 15 9 957
8 15 10 953
8 15 11 954
8 15 12 1008
8 15 13 574
8 15 14 575
8 16 4 1605
8 16 5 1543
8 16 6 1473
8 16 7 1382
8 16 8 1383
8 16 9 1446
8 16 12 1011
8 16 13 576
8 16 14 577
8 17 4 1606
8 17 5 1525
8 17 6 1378
8 17 7 1376
8 17 8 1377
8 17 12 1012
8 17 13 580
8 17 14 581
8 18 5 1516
8 18 6 1368
8 18 7 1369
8 18 8 683
8 18 9 350
8 18 10 351
8 18 11 504
8 18 12 882
8 18 13 878
8 18 14 879
8 19 4 1592
8 19 5 632
8 19 6 633
8 19 7 1370
8 19 8 684
8 19 9 352
8 19 10 353
8 19 11 61
8 19 12 62
8 19 13 710
8 20 4 1581
8 20 5 634
8 20 6 635
8 20 7 1401
8 20 8 1145
8 20 9 494
8 20 10 495
8 20 11 63
8 20 12 64
8 20 13 711
8 21 4 1582
8 21 5 639
8 21 6 640
8 21 7 1502
8 21 10 498
8 21 11 75
8 21 12 76
8 22 4 1588
8 22 5 1548
8 22 6 1549
8 22 7 1571
9 7 14 1198
9 7 15 980
9 7 16 972
9 7 17 973
9 8 9 482
9 8 10 137
9 8 11 138
9 8 12 388
9 8 13 761
9 8 14 762
9 8 15 777
9 8 16 974
9 8 17 975
9 9 8 1204
9 9 9 483
9 9 10 139
9 9 11 140
9 9 12 389
9 9 13 763
9 9 14 764
9 9 15 778
9 9 16 1603
9 10 8 1000
9 10 9 484
9 10 10 485
9 10 11 390
9 10 12 391
9 10 13 769
9 10 14 770
9 10 15 1358
9 11 8 1001
9 11 9 996
9 11 10 997
9 11 12 1114
9 11 13 773
9 11 14 774
9 12 7 1367
9 12 8 1002
9 12 9 586
9 12 10 587
9 12 12 1115
9 12 13 57
9 12 14 58
9 13 7 1310
9 13 8 1171
9 13 9 588
9 13 10 589
9 13 12 1095
9 13 13 59
9 13 14 60
9 14 6 1453
9 14 7 1311
9 14 8 1172
9 14 9 1173
9 14 10 1203
9 14 12 1096
9 14 13 358
9 14 14 359
9 15 3 1644
9 15 4 1415
9 15 5 1416
9 15 6 1454
9 15 7 1397
9 15 8 1398
9 15 12 1192
9 15 13 1028
9 15 14 1029
9 15 15 1554
9 16 2 1648
9 16 3 1627
9 16 4 1417
9 16 5 1414
9 16 6 1256
9 16 7 1257
9 16 8 1264
9 16 13 1137
9 16 14 1138
9 16 15 1555
9 17 2 1649
9 17 3 1628
9 17 4 1072
9 17 5 1073
9 17 6 1258
9 17 7 1259
9 17 8 1265
9 17 13 880
9 17 14 881
9 18 4 1074
9 18 5 1075
9 18 6 1371
9 18 7 1372
9 18 8 1379
9 18 12 883
9 18 13 712
9 18 14 713
9 19 4 1429
9 19 5 636
9 19 6 637
9 19 7 1373
9 19 8 1146
9 19 9 496
9 19 10 497
9 19 11 65
9 19 12 66
9 19 13 69
9 19 14 714
9 20 4 1583
9 20 5 638
9 20 6 105
9 20 7 106
9 20 8 1101
9 20 9 310
9 20 10 311
9 20 11 67
9 20 12 68
9 20 13 70
9 20 14 1180
9 21 4 1584
9 21 5 641
9 21 6 107
9 21 7 108
9 21 8 1102
9 21 9 312
9 21 10 313
9 21 11 77
9 21 12 78
9 22 4 1610
9 22 5 1550
9 22 6 1551
9 22 7 1572
10 7 14 1199
10 7 15 981
10 7 16 976
10 7 17 977
10 8 10 490
10 8 11 491
10 8 12 1217
10 8 13 765
10 8 14 766
10 8 15 779
10 8 16 978
10 8 17 979
10 9 8 1205
10 9 9 486
10 9 10 487
10 9 11 392
10 9 12 393
10 9 13 767
10 9 14 768
10 9 15 780
10 9 16 1604
10 9 17 1645
10 10 8 675
10 10 9 488
10 10 10 489
10 10 11 394
10 10 12 395
10 10 13 771
10 10 14 772
10 10 15 1356
10 11 8 676
10 11 9 677
10 11 10 1092
10 11 12 1406
10 11 13 775
10 11 14 776
10 12 7 1340
10 12 8 1003
10 12 9 1004
10 12 12 1407
10 12 13 49
10 12 14 50
10 13 7 1341
10 13 8 1189
10 13 9 1190
10 13 13 51
10 13 14 52
10 14 6 1455
10 14 7 1343
10 14 8 1250
10 14 9 1251
10 14 13 360
10 14 14 361
10 15 3 1630
10 15 4 1050
10 15 5 1051
10 15 6 1456
10 15 7 1399
10 15 8 1400
10 15 13 1026
10 15 14 1027
10 15 15 1556
10 16 2 1640
10 16 3 1629
10 16 4 1052
10 16 5 1053
10 16 6 1260
10 16 7 1261
10 16 8 1266
10 16 13 1316
10 16 14 1317
10 16 15 1557
10 17 2 1641
10 17 3 1064
10 17 4 1065
10 17 5 1076
10 17 6 1262
10 17 7 1263
10 17 8 1267
10 17 13 1324
10 17 14 1325
10 17 15 1527
10 18 3 1066
10 18 4 1067
10 18 5 1077
10 18 6 1506
10 18 7 1507
10 18 13 715
10 18 14 716
10 18 15 1528
10 19 4 1430
10 19 5 1431
10 19 6 113
10 19 7 114
10 19 8 125
10 19 11 1647
10 19 12 71
10 19 13 72
10 19 14 564
10 20 5 1514
10 20 6 109
10 20 7 110
10 20 8 121
10 20 9 314
10 20 10 315
10 20 11 318
10 20 12 73
10 20 13 74
10 20 14 565
10 21 5 1515
10 21 6 111
10 21 7 112
10 21 8 122
10 21 9 316
10 21 10 317
10 21 11 319
10 21 12 560
10 21 13 561
11 7 9 833
11 7 10 834
11 7 11 837
11 7 12 1409
11 7 14 1362
11 7 15 1363
11 7 16 1615
11 7 17 1638
11 8 9 835
11 8 10 836
11 8 11 838
11 8 12 888
11 8 13 790
11 8 14 791
11 8 15 1185
11 8 16 1616
11 8 17 1639
11 9 9 671
11 9 10 672
11 9 11 757
11 9 12 759
11 9 13 792
11 9 14 793
11 9 15 1186
11 9 16 1633
11 9 17 1646
11 10 8 678
11 10 9 673
11 10 10 674
11 10 11 758
11 10 12 760
11 10 13 794
11 10 14 1141
11 10 15 1357
11 11 8 679
11 11 9 680
11 11 10 1093
11 11 12 1142
11 11 13 1143
11 11 14 1166
11 12 7 1342
11 12 8 872
11 12 9 873
11 12 12 706
11 12 13 53
11 12 14 54
11 13 7 1235
11 13 8 874
11 13 9 875
11 13 12 707
11 13 13 55
11 13 14 56
11 14 7 1236
11 14 8 1233
11 14 9 1234
11 14 12 1100
11 14 13 535
11 14 14 536
11 15 3 1209
11 15 4 1054
11 15 5 1055
11 15 6 1559
11 15 7 1404
11 15 8 1405
11 15 13 537
11 15 14 538
11 16 2 1642
11 16 3 1210
11 16 4 1056
11 16 5 1057
11 16 6 1268
11 16 7 1269
11 16 8 1293
11 16 13 547
11 16 14 548
11 16 15 1578
11 17 2 1643
11 17 3 1068
11 17 4 1069
11 17 5 817
11 17 6 818
11 17 7 1196
11 17 8 1294
11 17 13 728
11 17 14 729
11 17 15 1529
11 18 3 1070
11 18 4 1071
11 18 5 819
11 18 6 820
11 18 7 1197
11 18 8 1320
11 18 12 732
11 18 13 730
11 18 14 731
11 18 15 1530
11 19 4 1598
11 19 5 1517
11 19 6 115
11 19 7 116
11 19 8 126
11 19 9 336
11 19 10 337
11 19 11 624
11 19 12 553
11 19 13 554
11 19 14 566
11 20 5 1278
11 20 6 117
11 20 7 118
11 20 8 123
11 20 9 320
11 20 10 321
11 20 11 620
11 20 12 555
11 20 13 556
11 20 14 567
11 21 5 1279
11 21 6 119
11 21 7 120
11 21 8 124
11 21 9 322
11 21 10 323
11 21 11 621
11 21 12 562
11 21 13 563
12 1 9 618
12 1 10 474
12 1 11 169
12 1 12 170
12 1 13 177
12 1 14 531
12 2 9 619
12 2 10 475
12 2 11 171
12 2 12 172
12 2 13 178
12 2 14 532
12 3 9 736
12 3 10 478
12 3 11 202
12 3 12 198
12 3 13 199
12 3 14 958
12 4 9 832
12 4 10 469
12 4 11 470
12 4 12 748
12 4 13 750
12 5 9 222
12 5 10 223
12 5 11 467
12 5 12 472
12 5 13 1090
12 6 9 224
12 6 10 225
12 6 11 234
12 6 12 370
12 6 13 1227
12 7 8 884
12 7 9 230
12 7 10 231
12 7 11 235
12 7 12 371
12 8 8 885
12 8 9 700
12 8 10 374
12 8 11 375
12 8 12 889
12 8 13 1139
12 9 8 868
12 9 9 863
12 9 10 839
12 9 11 840
12 9 12 797
12 9 13 798
12 10 8 869
12 10 9 864
12 10 10 865
12 10 11 890
12 10 12 799
12 10 13 800
12 11 8 995
12 11 9 165
12 11 10 157
12 11 11 158
12 11 12 989
12 11 13 1144
12 11 14 1167
12 12 8 876
12 12 9 166
12 12 10 159
12 12 11 160
12 12 12 708
12 12 13 709
12 12 14 1168
12 13 7 1237
12 13 8 877
12 13 9 860
12 13 10 149
12 13 11 150
12 13 12 428
12 13 13 704
12 13 14 705
12 14 7 1238
12 14 8 1122
12 14 9 861
12 14 10 151
12 14 11 152
12 14 12 429
12 14 13 539
12 14 14 540
12 15 3 1211
12 15 4 1212
12 15 7 1286
12 15 8 1287
12 15 12 1133
12 15 13 541
12 15 14 542
12 16 3 1213
12 16 4 1206
12 16 5 1207
12 16 6 1496
12 16 7 1288
12 16 8 1289
12 16 12 922
12 16 13 549
12 16 14 550
12 17 3 1625
12 17 4 1208
12 17 5 821
12 17 6 822
12 17 7 1060
12 17 8 1104
12 17 9 1105
12 17 11 406
12 17 12 407
12 17 13 426
12 17 14 726
12 18 4 1599
12 18 5 823
12 18 6 824
12 18 7 825
12 18 8 1058
12 18 9 338
12 18 10 339
12 18 11 408
12 18 12 409
12 18 13 427
12 18 14 721
12 19 4 1600
12 19 5 1558
12 19 6 826
12 19 7 827
12 19 8 1059
12 19 9 324
12 19 10 325
12 19 11 332
12 19 12 414
12 19 13 557
12 19 14 722
12 20 5 1270
12 20 6 1271
12 20 7 1280
12 20 8 1017
12 20 9 326
12 20 10 327
12 20 11 333
12 20 12 558
12 20 13 559
12 20 14 733
12 21 5 1272
12 21 6 1273
12 21 7 1281
12 21 8 1018
12 21 9 666
12 21 10 622
12 21 11 623
12 21 12 1511
12 22 5 1544
12 22 6 1545
13 1 8 1182
13 1 9 617
13 1 10 476
13 1 11 173
13 1 12 174
13 1 13 179
13 1 14 533
13 2 8 1183
13 2 9 480
13 2 10 477
13 2 11 175
13 2 12 176
13 2 13 180
13 2 14 534
13 3 8 1184
13 3 9 481
13 3 10 479
13 3 11 203
13 3 12 200
13 3 13 201
13 3 14 959
13 4 9 265
13 4 10 266
13 4 11 471
13 4 12 749
13 4 13 751
13 5 9 226
13 5 10 227
13 5 11 468
13 5 12 473
13 5 13 1091
13 6 8 1175
13 6 9 228
13 6 10 229
13 6 11 236
13 6 12 372
13 6 13 1228
13 7 8 886
13 7 9 232
13 7 10 233
13 7 11 237
13 7 12 373
13 8 8 887
13 8 9 701
13 8 10 376
13 8 11 377
13 8 12 517
13 8 13 1140
13 9 8 870
13 9 9 866
13 9 10 867
13 9 11 518
13 9 12 519
13 9 13 986
13 10 8 871
13 10 9 643
13 10 10 644
13 10 11 891
13 10 12 892
13 10 13 987
13 11 8 1174
13 11 9 167
13 11 10 161
13 11 11 162
13 11 12 983
13 11 13 1497
13 12 9 168
13 12 10 163
13 12 11 164
13 12 12 781
13 12 13 782
13 13 8 1123
13 13 9 862
13 13 10 153
13 13 11 154
13 13 12 430
13 13 13 783
13 14 7 1445
13 14 8 809
13 14 9 807
13 14 10 155
13 14 11 156
13 14 12 431
13 14 13 543
13 14 14 544
13 15 7 1290
13 15 8 810
13 15 9 808
13 15 10 788
13 15 11 432
13 15 12 433
13 15 13 545
13 15 14 546
13 16 7 1291
13 16 8 1292
13 16 9 1323
13 16 10 789
13 16 11 659
13 16 12 660
13 16 13 662
13 16 14 756
13 17 6 1061
13 17 7 1062
13 17 8 971
13 17 9 505
13 17 10 506
13 17 11 410
13 17 12 411
13 17 13 420
13 17 14 727
13 18 6 828
13 18 7 829
13 18 8 509
13 18 9 340
13 18 10 341
13 18 11 412
13 18 12 413
13 18 13 421
13 18 14 723
13 19 6 830
13 19 7 831
13 19 8 510
13 19 9 328
13 19 10 329
13 19 11 334
13 19 12 415
13 19 13 724
13 19 14 725
13 20 5 1274
13 20 6 1275
13 20 7 1418
13 20 8 1086
13 20 9 330
13 20 10 331
13 20 11 335
13 20 12 1298
13 20 13 1299
13 21 5 1276
13 21 6 1277
13 21 7 1474
13 22 5 1546
13 22 6 1547
14 1 8 795
14 1 9 31
14 1 10 32
14 1 11 181
14 1 12 182
14 1 13 184
14 2 8 667
14 2 9 19
14 2 10 20
14 2 11 27
14 2 12 183
14 2 13 185
14 2 14 1321
14 3 8 668
14 3 9 21
14 3 10 22
14 3 11 28
14 3 12 256
14 3 13 257
14 3 14 1322
14 4 9 267
14 4 10 268
14 4 11 277
14 4 12 260
14 4 13 261
14 5 9 269
14 5 10 270
14 5 11 278
14 5 12 696
14 5 13 698
14 6 8 1045
14 6 9 271
14 6 10 272
14 6 11 492
14 6 12 855
14 6 13 857
14 7 8 966
14 7 9 447
14 7 10 186
14 7 11 187
14 7 12 520
14 8 8 967
14 8 9 294
14 8 10 188
14 8 11 189
14 8 12 513
14 9 8 964
14 9 9 295
14 9 10 194
14 9 11 195
14 9 12 514
14 9 13 1471
14 10 8 965
14 10 9 302
14 10 10 298
14 10 11 299
14 10 12 982
14 10 13 1472
14 11 9 645
14 11 10 646
14 11 11 984
14 11 12 985
14 12 10 1187
14 12 11 1188
14 12 12 1239
14 14 8 688
14 14 9 87
14 14 10 88
14 14 11 434
14 14 12 435
14 14 13 665
14 15 7 1444
14 15 8 689
14 15 9 89
14 15 10 90
14 15 11 99
14 15 12 436
14 15 13 663
14 16 7 1295
14 16 8 1164
14 16 9 1015
14 16 10 100
14 16 11 101
14 16 12 661
14 16 13 664
14 17 7 1296
14 17 8 685
14 17 9 507
14 17 10 508
14 17 11 416
14 17 12 417
14 17 13 422
14 18 7 1355
14 18 8 511
14 18 9 342
14 18 10 343
14 18 11 418
14 18 12 419
14 18 13 423
14 19 8 512
14 19 9 344
14 19 10 345
14 19 11 424
14 19 12 425
14 21 5 1560
14 21 6 1561
14 22 5 1562
14 22 6 1563
15 1 8 796
15 1 9 33
15 1 10 34
15 1 11 293
15 1 12 1034
15 2 8 669
15 2 9 23
15 2 10 24
15 2 11 29
15 2 12 258
15 2 13 1297
15 3 8 670
15 3 9 25
15 3 10 26
15 3 11 30
15 3 12 259
15 3 13 262
15 4 10 279
15 4 11 280
15 4 12 263
15 4 13 264
15 5 9 273
15 5 10 274
15 5 11 281
15 5 12 697
15 5 13 699
15 6 8 1046
15 6 9 275
15 6 10 276
15 6 11 493
15 6 12 856
15 6 13 858
15 7 8 1047
15 7 9 448
15 7 10 190
15 7 11 191
15 7 12 939
15 8 8 1081
15 8 9 296
15 8 10 192
15 8 11 193
15 8 12 515
15 9 9 297
15 9 10 196
15 9 11 197
15 9 12 516
15 10 9 303
15 10 10 300
15 10 11 301
15 10 12 988
15 11 9 653
15 11 10 654
15 11 11 1216
15 11 12 1577
15 14 7 1451
15 14 8 690
15 14 9 91
15 14 10 92
15 15 6 1498
15 15 7 1304
15 15 8 691
15 15 9 93
15 15 10 94
15 15 11 102
15 16 6 1489
15 16 7 1305
15 16 8 1165
15 16 9 521
15 16 10 103
15 16 11 104
15 17 6 1481
15 17 7 1312
15 17 8 686
15 17 9 522
15 17 10 523
15 17 11 803
15 18 6 1482
15 18 7 1313
15 18 8 687
15 18 9 551
15 18 10 552
15 18 11 1248
16 1 9 291
16 1 10 292
16 1 11 568
16 1 12 1035
16 2 9 287
16 2 10 288
16 2 11 569
16 2 12 1036
16 3 9 289
16 3 10 290
16 3 11 1319
16 14 7 1452
16 14 8 1152
16 14 9 95
16 14 10 96
16 15 5 1564
16 15 6 1499
16 15 7 1306
16 15 8 804
16 15 9 97
16 15 10 98
16 15 11 146
16 16 5 1537
16 16 6 1490
16 16 7 1307
16 16 8 805
16 16 9 524
16 16 10 147
16 16 11 148
16 17 5 1503
16 17 6 1483
16 17 7 1314
16 17 8 1019
16 17 9 525
16 17 10 526
16 17 11 1016
16 18 4 1593
16 18 5 1504
16 18 6 1484
16 18 7 1315
16 18 8 1193
16 18 9 1194
16 19 3 1624
16 19 4 1594
16 19 5 1505
16 19 6 1493
16 19 7 1402
16 19 8 1403
16 20 3 1534
16 20 4 1531
16 20 5 1521
16 20 6 1522
16 20 7 1542
16 21 3 1535
16 21 4 1532
16 21 5 1533
17 15 5 1565
17 15 6 1491
17 15 7 1218
17 15 8 806
17 15 9 630
17 15 10 631
17 16 5 1282
17 16 6 1283
17 16 7 1219
17 16 8 449
17 16 9 450
17 16 10 527
17 17 3 1636
17 17 4 1153
17 17 5 1154
17 17 6 1160
17 17 7 1240
17 17 8 451
17 17 9 452
17 17 10 528
17 18 3 1591
17 18 4 1155
17 18 5 1156
17 18 6 1161
17 18 7 1241
17 18 8 457
17 18 9 458
17 19 3 1462
17 19 4 907
17 19 5 893
17 19 6 894
17 19 7 911
17 19 8 1244
17 19 9 1246
17 20 3 1463
17 20 4 908
17 20 5 895
17 20 6 896
17 20 7 912
17 21 3 1536
17 21 4 1447
17 21 5 1448
17 21 6 1523
18 15 6 1492
18 15 7 1220
18 15 8 1221
18 16 5 1284
18 16 6 1285
18 16 7 1222
18 16 8 453
18 16 9 454
18 17 3 1637
18 17 4 1157
18 17 5 1158
18 17 6 1162
18 17 7 1242
18 17 8 455
18 17 9 456
18 18 3 1432
18 18 4 1159
18 18 5 901
18 18 6 902
18 18 7 1243
18 18 8 459
18 18 9 460
18 19 3 1433
18 19 4 909
18 19 5 897
18 19 6 898
18 19 7 913
18 19 8 1245
18 19 9 1247
18 20 3 1464
18 20 4 910
18 20 5 899
18 20 6 900
18 20 7 914
18 21 4 1449
18 21 5 1450
18 21 6 1524
19 16 6 1500
19 16 7 1408
19 16 8 461
19 16 9 462
19 17 4 1601
19 17 5 1602
19 17 6 1501
19 17 7 1384
19 17 8 463
19 17 9 464
19 18 3 1434
19 18 4 1435
19 18 5 903
19 18 6 904
19 18 7 1385
19 18 8 465
19 18 9 466
19 19 3 1436
19 19 4 1437
19 19 5 905
19 19 6 906
19 19 7 1457
19 19 8 1458
19 20 4 1609
19 20 5 1589
19 20 6 1590
