0.372415 0.206897 0
0.0413794
6 15 23 684
1 6 1 676
1 6 2 521
1 6 3 509
1 6 4 483
1 6 5 399
1 6 6 356
1 6 7 304
1 6 8 262
1 6 9 220
1 6 10 113
1 6 11 44
1 6 12 45
1 6 13 30
1 6 14 22
1 6 15 23
1 6 16 36
1 6 17 92
1 6 18 119
1 6 19 185
1 6 20 225
1 6 21 637
1 7 1 576
1 7 2 522
1 7 3 479
1 7 4 427
1 7 5 400
1 7 6 357
1 7 7 305
1 7 8 216
1 7 9 181
1 7 10 114
1 7 11 46
1 7 12 47
1 7 13 18
1 7 14 12
1 7 15 13
1 7 16 32
1 7 17 55
1 7 18 93
1 7 19 120
1 7 20 222
1 7 21 638
1 8 1 577
1 8 2 542
1 8 3 480
1 8 4 428
1 8 5 403
1 8 6 360
1 8 7 308
1 8 8 217
1 8 9 182
1 8 10 117
1 8 11 90
1 8 12 53
1 8 13 19
1 8 14 14
1 8 15 15
1 8 16 33
1 8 17 56
1 8 18 94
1 8 19 121
1 8 20 223
1 8 21 651
1 9 2 678
1 9 3 675
1 9 4 673
1 9 5 671
1 9 6 667
1 9 7 664
1 9 8 661
1 9 9 648
1 9 10 640
1 9 11 631
1 9 12 626
1 9 13 620
1 9 14 617
1 9 15 618
1 9 16 621
1 9 17 627
1 9 18 632
1 9 19 641
1 9 20 649
1 9 21 655
2 1 13 658
2 1 14 282
2 1 15 283
2 1 16 418
2 1 17 419
2 1 18 441
2 1 19 495
2 1 20 515
2 1 21 555
2 2 12 635
2 2 13 159
2 2 14 160
2 2 15 235
2 2 16 332
2 2 17 367
2 2 18 409
2 2 19 436
2 2 20 489
2 2 21 556
2 3 12 199
2 3 13 161
2 3 14 162
2 3 15 167
2 3 16 333
2 3 17 368
2 3 18 410
2 3 19 437
2 3 20 490
2 3 21 559
2 4 11 173
2 4 12 74
2 4 13 75
2 4 14 78
2 4 15 168
2 5 10 624
2 5 11 174
2 5 12 40
2 5 13 38
2 5 14 39
2 6 1 561
2 6 2 523
2 6 3 497
2 6 4 443
2 6 5 401
2 6 6 358
2 6 7 306
2 6 8 237
2 6 9 221
2 6 10 115
2 6 11 48
2 6 12 41
2 6 13 31
2 6 14 0
2 6 15 1
2 6 16 37
2 6 17 59
2 6 18 60
2 6 19 148
2 6 20 151
2 6 21 200
2 6 22 652
2 7 1 562
2 7 2 524
2 7 3 481
2 7 4 429
2 7 5 402
2 7 6 359
2 7 7 307
2 7 8 218
2 7 9 183
2 7 10 116
2 7 11 49
2 7 12 50
2 7 13 20
2 7 14 2
2 7 15 3
2 7 16 34
2 7 17 57
2 7 18 61
2 7 19 122
2 7 20 152
2 7 21 201
2 7 22 373
2 8 1 578
2 8 2 543
2 8 3 482
2 8 4 430
2 8 5 404
2 8 6 361
2 8 7 309
2 8 8 219
2 8 9 184
2 8 10 118
2 8 11 91
2 8 12 54
2 8 13 21
2 8 14 16
2 8 15 17
2 8 16 35
2 8 17 58
2 8 18 95
2 8 19 123
2 8 20 224
2 8 21 374
2 8 22 375
2 9 1 683
2 9 2 679
2 9 3 590
2 9 4 591
2 9 5 531
2 9 6 532
2 9 7 468
2 9 8 469
2 9 9 387
2 9 10 351
2 9 11 254
2 9 12 204
2 9 13 205
2 9 14 80
2 9 15 81
2 9 16 109
2 9 17 292
2 9 18 293
2 9 19 297
2 9 20 392
2 9 21 380
2 9 22 381
2 10 3 592
2 10 4 593
2 10 5 533
2 10 6 534
2 10 7 470
2 10 8 471
2 10 9 388
2 10 10 352
2 10 11 255
2 10 12 206
2 10 13 207
2 10 14 82
2 10 15 83
2 10 16 110
2 10 17 250
2 10 18 294
2 10 19 298
2 10 20 398
2 11 14 179
2 11 15 175
2 11 16 176
2 11 17 251
2 11 18 425
2 11 19 458
2 11 20 460
2 11 21 503
2 12 14 290
2 12 15 246
2 12 16 247
2 12 17 346
2 12 18 383
2 12 19 421
2 12 20 461
2 12 21 504
2 13 15 382
2 13 16 347
2 13 17 348
2 13 18 384
2 13 19 422
2 13 20 525
2 13 21 572
2 14 19 526
2 14 20 527
2 14 21 573
3 1 13 659
3 1 14 284
3 1 15 285
3 1 16 415
3 1 17 420
3 1 18 442
3 1 19 496
3 1 20 516
3 1 21 557
3 2 12 636
3 2 13 163
3 2 14 164
3 2 15 236
3 2 16 278
3 2 17 369
3 2 18 411
3 2 19 438
3 2 20 491
3 2 21 558
3 3 12 196
3 3 13 165
3 3 14 166
3 3 15 169
3 3 16 279
3 3 17 370
3 3 18 412
3 3 19 439
3 3 20 492
3 3 21 560
3 4 11 171
3 4 12 76
3 4 13 77
3 4 14 79
3 4 15 170
3 5 10 625
3 5 11 146
3 5 12 42
3 5 13 24
3 5 14 25
3 6 1 563
3 6 2 517
3 6 3 498
3 6 4 444
3 6 5 445
3 6 6 336
3 6 7 334
3 6 8 238
3 6 9 239
3 6 10 136
3 6 11 137
3 6 12 43
3 6 13 26
3 6 14 4
3 6 15 5
3 6 16 66
3 6 17 62
3 6 18 63
3 6 19 149
3 6 20 153
3 6 21 202
3 6 22 653
3 7 1 564
3 7 2 518
3 7 3 499
3 7 4 446
3 7 5 447
3 7 6 337
3 7 7 335
3 7 8 240
3 7 9 241
3 7 10 138
3 7 11 139
3 7 12 51
3 7 13 52
3 7 14 6
3 7 15 7
3 7 16 67
3 7 17 64
3 7 18 65
3 7 19 150
3 7 20 154
3 7 21 203
3 7 22 327
3 8 1 604
3 8 2 605
3 8 3 682
3 8 4 677
3 8 5 674
3 8 6 672
3 8 7 670
3 8 8 666
3 8 9 663
3 8 10 654
3 8 11 644
3 8 12 639
3 8 13 630
3 8 14 88
3 8 15 89
3 8 16 215
3 8 17 260
3 8 18 647
3 8 19 393
3 8 20 394
3 8 21 328
3 8 22 329
3 9 1 606
3 9 2 607
3 9 3 594
3 9 4 595
3 9 5 535
3 9 6 536
3 9 7 472
3 9 8 473
3 9 9 389
3 9 10 353
3 9 11 256
3 9 12 208
3 9 13 209
3 9 14 84
3 9 15 85
3 9 16 111
3 9 17 261
3 9 18 295
3 9 19 299
3 9 20 395
3 9 21 376
3 9 22 377
3 10 3 596
3 10 4 597
3 10 5 537
3 10 6 538
3 10 7 474
3 10 8 475
3 10 9 390
3 10 10 354
3 10 11 257
3 10 12 210
3 10 13 211
3 10 14 86
3 10 15 87
3 10 16 112
3 10 17 252
3 10 18 296
3 10 19 300
3 10 20 396
3 11 14 180
3 11 15 177
3 11 16 178
3 11 17 253
3 11 18 426
3 11 19 459
3 11 20 462
3 11 21 505
3 12 14 291
3 12 15 248
3 12 16 249
3 12 17 349
3 12 18 385
3 12 19 423
3 12 20 463
3 12 21 506
3 13 15 342
3 13 16 343
3 13 17 350
3 13 18 386
3 13 19 424
3 13 20 528
3 13 21 574
3 14 18 567
3 14 19 529
3 14 20 530
3 14 21 575
4 1 14 660
4 1 15 416
4 1 16 417
4 1 17 440
4 1 18 488
4 1 19 512
4 1 20 548
4 1 21 585
4 2 12 642
4 2 13 269
4 2 14 270
4 2 15 273
4 2 16 280
4 2 17 371
4 2 18 413
4 2 19 493
4 2 20 513
4 2 21 583
4 3 12 197
4 3 13 198
4 3 14 271
4 3 15 274
4 3 16 281
4 3 17 372
4 3 18 414
4 3 19 494
4 3 20 514
4 3 21 584
4 4 11 172
4 4 12 133
4 4 13 134
4 4 14 272
4 4 15 277
4 5 11 147
4 5 12 135
4 5 13 27
4 5 14 28
4 6 1 565
4 6 2 519
4 6 3 500
4 6 4 448
4 6 5 449
4 6 6 338
4 6 7 339
4 6 8 242
4 6 9 243
4 6 10 140
4 6 11 141
4 6 12 144
4 6 13 29
4 6 14 8
4 6 15 9
4 6 16 68
4 6 17 69
4 6 18 72
4 6 19 155
4 6 20 157
4 6 21 275
4 6 22 657
4 7 1 566
4 7 2 520
4 7 3 501
4 7 4 450
4 7 5 451
4 7 6 340
4 7 7 341
4 7 8 244
4 7 9 245
4 7 10 142
4 7 11 143
4 7 12 145
4 7 13 124
4 7 14 10
4 7 15 11
4 7 16 70
4 7 17 71
4 7 18 73
4 7 19 156
4 7 20 158
4 7 21 276
4 7 22 320
4 8 1 608
4 8 2 602
4 8 3 588
4 8 4 579
4 8 5 544
4 8 6 485
4 8 7 433
4 8 8 405
4 8 9 362
4 8 10 310
4 8 11 227
4 8 12 191
4 8 13 125
4 8 14 96
4 8 15 97
4 8 16 106
4 8 17 130
4 8 18 230
4 8 19 264
4 8 20 315
4 8 21 321
4 8 22 322
4 9 1 609
4 9 2 610
4 9 3 598
4 9 4 581
4 9 5 539
4 9 6 510
4 9 7 476
4 9 8 431
4 9 9 365
4 9 10 313
4 9 11 258
4 9 12 212
4 9 13 188
4 9 14 102
4 9 15 103
4 9 16 128
4 9 17 194
4 9 18 233
4 9 19 267
4 9 20 316
4 9 21 378
4 9 22 379
4 10 3 599
4 10 4 600
4 10 5 540
4 10 6 541
4 10 7 477
4 10 8 478
4 10 9 391
4 10 10 355
4 10 11 259
4 10 12 213
4 10 13 214
4 10 14 186
4 10 15 187
4 10 16 190
4 10 17 301
4 10 18 302
4 10 19 303
4 10 20 397
4 11 14 643
4 11 15 286
4 11 16 287
4 11 17 452
4 11 18 453
4 11 19 464
4 11 20 466
4 11 21 507
4 12 15 288
4 12 16 289
4 12 17 454
4 12 18 455
4 12 19 465
4 12 20 467
4 12 21 508
4 13 15 344
4 13 16 345
4 13 17 456
4 13 18 457
4 13 19 502
4 13 20 570
4 13 21 586
4 14 18 568
4 14 19 569
4 14 20 571
4 14 21 587
5 6 1 680
5 6 2 549
5 6 3 550
5 6 4 553
5 6 5 668
5 6 6 665
5 6 7 662
5 6 8 656
5 6 9 650
5 6 10 633
5 6 11 628
5 6 12 622
5 6 13 619
5 6 14 614
5 6 15 615
5 6 16 616
5 6 17 623
5 6 18 629
5 6 19 634
5 6 20 330
5 6 21 331
5 7 1 681
5 7 2 551
5 7 3 552
5 7 4 554
5 7 5 545
5 7 6 486
5 7 7 434
5 7 8 406
5 7 9 363
5 7 10 311
5 7 11 228
5 7 12 192
5 7 13 126
5 7 14 98
5 7 15 99
5 7 16 107
5 7 17 131
5 7 18 231
5 7 19 265
5 7 20 319
5 7 21 323
5 7 22 324
5 8 1 611
5 8 2 603
5 8 3 589
5 8 4 580
5 8 5 546
5 8 6 487
5 8 7 435
5 8 8 407
5 8 9 364
5 8 10 312
5 8 11 229
5 8 12 193
5 8 13 127
5 8 14 100
5 8 15 101
5 8 16 108
5 8 17 132
5 8 18 232
5 8 19 266
5 8 20 317
5 8 21 325
5 8 22 326
5 9 1 612
5 9 2 613
5 9 3 601
5 9 4 582
5 9 5 547
5 9 6 511
5 9 7 484
5 9 8 432
5 9 9 366
5 9 10 314
5 9 11 263
5 9 12 226
5 9 13 189
5 9 14 104
5 9 15 105
5 9 16 129
5 9 17 195
5 9 18 234
5 9 19 268
5 9 20 318
5 9 21 408
5 9 22 669
5 10 15 645
5 10 16 646
