-0.123529 -0.0823528 -0.288235
0.0411764
6 23 15 715
1 1 6 574
1 1 7 575
1 1 8 682
1 2 5 683
1 2 6 535
1 2 7 536
1 2 8 538
1 3 5 684
1 3 6 499
1 3 7 500
1 3 8 503
1 4 5 714
1 4 6 477
1 4 7 474
1 4 8 475
1 5 5 713
1 5 6 428
1 5 7 424
1 5 8 425
1 6 5 712
1 6 6 387
1 6 7 346
1 6 8 347
1 7 5 710
1 7 6 295
1 7 7 296
1 7 8 299
1 8 5 708
1 8 6 253
1 8 7 254
1 8 8 257
1 9 5 705
1 9 6 210
1 9 7 206
1 9 8 207
1 10 5 702
1 10 6 161
1 10 7 157
1 10 8 158
1 11 5 699
1 11 6 113
1 11 7 82
1 11 8 83
1 12 5 696
1 12 6 48
1 12 7 43
1 12 8 44
1 12 9 46
1 13 5 695
1 13 6 28
1 13 7 29
1 13 8 32
1 13 9 47
1 14 5 694
1 14 6 12
1 14 7 13
1 14 8 20
1 15 5 628
1 15 6 14
1 15 7 15
1 15 8 21
1 16 5 629
1 16 6 37
1 16 7 33
1 16 8 34
1 17 5 697
1 17 6 54
1 17 7 50
1 17 8 51
1 18 5 700
1 18 6 90
1 18 7 86
1 18 8 87
1 19 5 703
1 19 6 119
1 19 7 115
1 19 8 116
1 20 5 706
1 20 6 167
1 20 7 163
1 20 8 164
1 21 6 663
1 21 7 648
1 21 8 649
2 1 5 691
2 1 6 576
2 1 7 577
2 1 8 558
2 1 9 559
2 2 5 685
2 2 6 537
2 2 7 525
2 2 8 519
2 2 9 520
2 3 5 598
2 3 6 501
2 3 7 502
2 3 8 492
2 3 9 493
2 4 5 599
2 4 6 478
2 4 7 476
2 4 8 454
2 4 9 455
2 5 5 573
2 5 6 429
2 5 7 426
2 5 8 427
2 5 9 456
2 6 5 534
2 6 6 388
2 6 7 348
2 6 8 329
2 6 9 330
2 7 5 472
2 7 6 297
2 7 7 298
2 7 8 300
2 7 9 331
2 8 5 473
2 8 6 255
2 8 7 256
2 8 8 228
2 8 9 229
2 9 5 384
2 9 6 211
2 9 7 208
2 9 8 209
2 9 9 230
2 10 5 343
2 10 6 162
2 10 7 159
2 10 8 160
2 10 9 636
2 11 5 344
2 11 6 114
2 11 7 84
2 11 8 85
2 11 9 156
2 11 10 633
2 12 5 203
2 12 6 49
2 12 7 45
2 12 8 39
2 12 9 40
2 12 10 70
2 12 11 184
2 12 12 642
2 13 5 204
2 13 6 30
2 13 7 31
2 13 8 26
2 13 9 27
2 13 10 71
2 13 11 147
2 13 12 148
2 13 13 282
2 14 3 650
2 14 4 111
2 14 5 76
2 14 6 16
2 14 7 17
2 14 8 8
2 14 9 9
2 14 10 74
2 14 11 149
2 14 12 150
2 14 13 280
2 15 2 231
2 15 3 232
2 15 4 107
2 15 5 77
2 15 6 18
2 15 7 19
2 15 8 10
2 15 9 11
2 15 10 655
2 15 11 216
2 15 12 217
2 15 13 281
2 15 14 674
2 16 1 370
2 16 2 233
2 16 3 234
2 16 4 108
2 16 5 104
2 16 6 38
2 16 7 35
2 16 8 36
2 16 9 56
2 16 11 323
2 16 12 324
2 16 13 411
2 16 14 412
2 17 1 371
2 17 2 338
2 17 3 243
2 17 4 244
2 17 5 246
2 17 6 55
2 17 7 52
2 17 8 53
2 17 9 57
2 17 11 359
2 17 12 360
2 17 13 413
2 17 14 414
2 18 1 378
2 18 2 374
2 18 3 375
2 18 4 670
2 18 5 294
2 18 6 91
2 18 7 88
2 18 8 89
2 18 9 145
2 18 11 438
2 18 12 439
2 18 13 442
2 18 14 443
2 19 1 421
2 19 2 417
2 19 3 418
2 19 5 665
2 19 6 120
2 19 7 117
2 19 8 118
2 19 9 146
2 19 11 482
2 19 12 483
2 19 13 485
2 19 14 486
2 20 1 528
2 20 2 496
2 20 3 497
2 20 5 398
2 20 6 168
2 20 7 165
2 20 8 166
2 20 9 191
2 20 11 514
2 20 12 515
2 20 13 516
2 20 14 517
2 21 1 566
2 21 2 567
2 21 3 692
2 21 5 399
2 21 6 365
2 21 7 185
2 21 8 186
2 21 9 192
2 21 11 680
2 21 12 554
2 21 13 555
2 21 14 688
2 22 5 401
2 22 6 366
2 22 7 367
2 22 8 661
2 22 9 662
3 1 5 603
3 1 6 604
3 1 7 686
3 1 8 560
3 1 9 561
3 2 5 605
3 2 6 606
3 2 7 526
3 2 8 521
3 2 9 522
3 3 5 593
3 3 6 594
3 3 7 527
3 3 8 488
3 3 9 489
3 4 5 595
3 4 6 596
3 4 7 711
3 4 8 446
3 4 9 447
3 5 5 570
3 5 6 571
3 5 7 709
3 5 8 448
3 5 9 449
3 6 5 532
3 6 6 533
3 6 7 707
3 6 8 332
3 6 9 333
3 7 5 469
3 7 6 470
3 7 7 704
3 7 8 325
3 7 9 326
3 8 5 467
3 8 6 468
3 8 7 701
3 8 8 220
3 8 9 221
3 9 5 381
3 9 6 382
3 9 7 698
3 9 8 222
3 9 9 223
3 10 5 340
3 10 6 341
3 10 7 634
3 10 8 132
3 10 9 133
3 11 5 248
3 11 6 249
3 11 7 635
3 11 8 134
3 11 9 135
3 11 10 154
3 12 5 200
3 12 6 201
3 12 8 41
3 12 9 42
3 12 10 72
3 12 11 128
3 12 12 643
3 13 5 173
3 13 6 174
3 13 7 693
3 13 8 22
3 13 9 23
3 13 10 73
3 13 11 129
3 13 12 151
3 13 13 268
3 14 3 651
3 14 4 112
3 14 5 78
3 14 6 79
3 14 7 613
3 14 8 0
3 14 9 1
3 14 10 75
3 14 11 152
3 14 12 153
3 14 13 269
3 15 2 235
3 15 3 236
3 15 4 109
3 15 5 80
3 15 6 81
3 15 7 614
3 15 8 2
3 15 9 3
3 15 10 656
3 15 11 218
3 15 12 219
3 15 13 278
3 15 14 405
3 16 1 372
3 16 2 237
3 16 3 238
3 16 4 110
3 16 5 105
3 16 6 106
3 16 7 615
3 16 8 58
3 16 9 59
3 16 11 309
3 16 12 310
3 16 13 406
3 16 14 407
3 17 1 373
3 17 2 339
3 17 3 245
3 17 4 239
3 17 5 240
3 17 6 293
3 17 7 622
3 17 8 60
3 17 9 61
3 17 11 355
3 17 12 356
3 17 13 415
3 17 14 416
3 18 1 379
3 18 2 376
3 18 3 377
3 18 4 671
3 18 5 288
3 18 6 289
3 18 7 627
3 18 8 62
3 18 9 63
3 18 11 394
3 18 12 395
3 18 13 444
3 18 14 445
3 19 1 422
3 19 2 419
3 19 3 420
3 19 5 290
3 19 6 291
3 19 7 637
3 19 8 141
3 19 9 142
3 19 11 434
3 19 12 435
3 19 13 480
3 19 14 487
3 20 1 529
3 20 2 461
3 20 3 462
3 20 5 385
3 20 6 386
3 20 7 187
3 20 8 188
3 20 9 193
3 20 11 508
3 20 12 509
3 20 13 512
3 20 14 518
3 21 1 568
3 21 2 569
3 21 3 586
3 21 5 400
3 21 6 361
3 21 7 189
3 21 8 190
3 21 9 194
3 21 11 681
3 21 12 556
3 21 13 557
3 21 14 689
3 22 5 402
3 22 6 362
3 22 7 321
3 22 8 322
3 22 9 659
4 1 5 607
4 1 6 608
4 1 7 610
4 1 8 562
4 1 9 563
4 2 5 609
4 2 6 600
4 2 7 543
4 2 8 523
4 2 9 524
4 3 5 597
4 3 6 589
4 3 7 544
4 3 8 490
4 3 9 491
4 4 5 591
4 4 6 578
4 4 7 552
4 4 8 450
4 4 9 451
4 5 5 572
4 5 6 539
4 5 7 540
4 5 8 452
4 5 9 453
4 6 5 530
4 6 6 504
4 6 7 505
4 6 8 334
4 6 9 335
4 7 5 471
4 7 6 430
4 7 7 431
4 7 8 327
4 7 9 328
4 8 5 465
4 8 6 389
4 8 7 390
4 8 8 224
4 8 9 225
4 9 5 383
4 9 6 349
4 9 7 350
4 9 8 226
4 9 9 227
4 10 5 342
4 10 6 301
4 10 7 302
4 10 8 136
4 10 9 137
4 11 5 250
4 11 6 251
4 11 7 258
4 11 8 138
4 11 9 139
4 11 10 155
4 12 5 202
4 12 6 176
4 12 7 177
4 12 8 140
4 12 9 125
4 12 10 126
4 12 11 130
4 12 12 657
4 13 5 175
4 13 6 121
4 13 7 122
4 13 8 24
4 13 9 25
4 13 10 127
4 13 11 131
4 13 12 265
4 13 13 270
4 14 3 664
4 14 4 195
4 14 5 169
4 14 6 100
4 14 7 101
4 14 8 4
4 14 9 5
4 14 10 632
4 14 11 266
4 14 12 267
4 14 13 271
4 15 2 336
4 15 3 283
4 15 4 196
4 15 5 170
4 15 6 92
4 15 7 93
4 15 8 6
4 15 9 7
4 15 11 272
4 15 12 273
4 15 13 279
4 15 14 408
4 16 1 679
4 16 2 337
4 16 3 284
4 16 4 197
4 16 5 198
4 16 6 94
4 16 7 95
4 16 8 68
4 16 9 69
4 16 11 311
4 16 12 312
4 16 13 409
4 16 14 410
4 17 1 494
4 17 2 368
4 17 3 369
4 17 4 241
4 17 5 242
4 17 6 180
4 17 7 181
4 17 8 64
4 17 9 65
4 17 11 357
4 17 12 358
4 17 13 440
4 17 14 441
4 18 1 495
4 18 2 457
4 18 3 458
4 18 4 675
4 18 5 286
4 18 6 212
4 18 7 213
4 18 8 66
4 18 9 67
4 18 11 396
4 18 12 397
4 18 13 479
4 18 14 484
4 19 1 564
4 19 2 459
4 19 3 460
4 19 5 292
4 19 6 261
4 19 7 262
4 19 8 143
4 19 9 144
4 19 11 436
4 19 12 437
4 19 13 481
4 19 14 582
4 20 1 565
4 20 2 463
4 20 3 464
4 20 5 353
4 20 6 305
4 20 7 306
4 20 8 274
4 20 9 275
4 20 11 510
4 20 12 511
4 20 13 513
4 20 14 583
4 21 1 584
4 21 2 585
4 21 3 587
4 21 5 403
4 21 6 363
4 21 7 313
4 21 8 276
4 21 9 277
4 21 12 580
4 21 13 581
4 21 14 690
4 22 5 404
4 22 6 364
4 22 7 314
4 22 8 315
4 22 9 660
5 1 6 611
5 1 7 612
5 1 8 687
5 2 6 601
5 2 7 545
5 2 8 546
5 3 5 602
5 3 6 590
5 3 7 547
5 3 8 548
5 3 9 549
5 4 5 592
5 4 6 579
5 4 7 553
5 4 8 550
5 4 9 551
5 5 5 588
5 5 6 541
5 5 7 542
5 5 8 676
5 5 9 677
5 6 5 531
5 6 6 506
5 6 7 507
5 6 8 672
5 6 9 673
5 7 5 498
5 7 6 432
5 7 7 433
5 7 8 668
5 7 9 669
5 8 5 466
5 8 6 391
5 8 7 392
5 8 8 666
5 8 9 667
5 9 5 423
5 9 6 351
5 9 7 352
5 9 8 652
5 9 9 653
5 10 5 380
5 10 6 303
5 10 7 304
5 10 8 644
5 10 9 645
5 11 5 285
5 11 6 259
5 11 7 260
5 11 8 638
5 11 9 639
5 12 5 247
5 12 6 178
5 12 7 179
5 12 8 630
5 12 9 631
5 13 5 199
5 13 6 123
5 13 7 124
5 13 8 623
5 13 9 624
5 14 5 171
5 14 6 102
5 14 7 103
5 14 8 616
5 14 9 617
5 15 5 172
5 15 6 96
5 15 7 97
5 15 8 618
5 15 9 619
5 16 5 205
5 16 6 98
5 16 7 99
5 16 8 620
5 16 9 621
5 17 5 252
5 17 6 182
5 17 7 183
5 17 8 625
5 17 9 626
5 18 5 287
5 18 6 214
5 18 7 215
5 18 8 640
5 18 9 641
5 19 5 345
5 19 6 263
5 19 7 264
5 19 8 646
5 19 9 647
5 20 5 354
5 20 6 307
5 20 7 308
5 20 8 320
5 20 9 654
5 21 6 393
5 21 7 316
5 21 8 317
5 21 9 658
5 22 6 678
5 22 7 318
5 22 8 319
